-------------------------------
100 100
4 2 5 1 2 3 3 3 -2 -6 -7 2 4 1 5 -1 4 1 1 5 2 4 -22 5 -13 5 -15 3 5 -26 5 -20 1 5 -4 3 -31 2 -29 -19 1 -14 1 4 2 4 2 5 3 -41 5 3 5 1 2 2 3 -36 2 1 -46 1 3 -43 4 1 5 2 -24 -8 4 5 1 -17 2 4 2 3 2 -45 4 2 -28 -52 -81 3 -47 1 2 -12 -57 3 4 4 5 -94 4 2 2 5
0 4 6 11 12 14 17 20 23 25 29 30 35 39 40 41 46 48 48 53 58 61 66 71 72 77 80 82 83 84 88 25 61 90 63 0 14 29 40 41 53 66 95 17 25 26 -2 43 -2 55 18 48 77 34 -2 36 97 69 -2 78 57 14 60 22 -2 -2 -2 -2 66 15 -2
0 4 6 11 12 14 17 20 23 25 29 30 35 39 40 41 46 48 48 53 58 61 66 71 72 77 80 82 83 84 88 25 61 90 63 0 14 29 40 41 53 66 95 17 25 26 -2 43 -2 55 18 48 77 34 -2 36 97 44 -2 69 57 14 60 22 -2 -2 -2 -2 66 15 -2
-------------------------------
100 100
2 4 -2 -1 2 2 2 3 4 2 2 -8 3 -7 -11 -9 3 3 3 -5 5 2 3 -18 3 4 2 4 -13 1 4 4 2 -31 -17 2 3 -26 2 -10 -32 5 -22 -36 5 5 1 2 1 5 5 -47 -21 -48 2 5 -28 -39 2 -27 4 4 -55 1 -61 3 5 1 1 -37 1 -71 -19 -6 -30 4 4 1 2 5 5 2 3 -81 2 2 2 1 5 4 5 5 3 4 4 3 1 -68 2 5
0 2 0 2 4 6 9 13 15 17 20 23 26 29 34 36 39 42 46 48 52 53 57 61 63 65 68 70 75 4 80 81 9 83 10 88 15 90 42 53 92 42 29 45 93 63 20 46 63 64 94 24 0 66 24 26 50 80 -2 57 -2 -2 -2 -2 -2 -2 2 34 -2
0 2 0 2 4 6 9 13 15 17 20 23 26 29 34 36 39 42 46 48 52 53 57 61 63 65 68 70 75 4 80 81 9 83 10 88 15 90 42 53 92 42 29 45 93 63 20 46 63 64 94 24 0 57 24 66 26 50 -2 -2 -2 -2 80 -2 -2 -2 2 34 -2
-------------------------------
100 100
3 -1 4 -3 5 1 -6 4 2 3 -9 -8 -10 2 2 -5 5 -14 -15 5 -20 2 -17 2 2 3 3 -26 -25 -27 5 5 5 3 -22 2 1 3 3 5 -40 -36 5 1 -33 2 5 4 2 4 -31 1 -32 3 5 -52 1 1 -50 -43 2 5 1 -54 4 4 -49 5 5 2 5 -63 4 1 2 2 5 3 1 3 3 3 2 2 -75 -80 2 2 -39 3 5 5 -24 2 4 4 3 5 -37 2
0 0 0 5 5 9 11 5 7 9 14 14 16 18 20 23 18 23 28 33 36 38 39 42 45 45 50 51 53 58 62 64 68 69 72 77 78 79 81 0 1 18 5 22 62 64 10 27 28 86 88 93 45 46 96 30 69 14 46 28 42 -2 -2 16 -2 -2 -2 -2 36
0 0 0 5 5 9 11 5 7 9 14 14 16 18 20 23 18 23 28 33 36 38 39 42 45 45 50 51 53 58 62 64 68 69 72 77 78 79 81 0 1 18 86 5 22 62 24 91 92 10 94 28 45 67 12 46 31 36 67 69 42 -2 -2 15 -2 -2 -2 -2 92
-------------------------------

-------------------------------
50 30
4 -1 2 1 2 4 5 5 3 3 2 -11 4 -8 -6 -10 3 -4 5 2 4 1 -21 1 -3 -17 5 1 2 2
0 0 2 3 5 9 14 19 22 25 25 29 32 37 39 43 44 14 45 39 5
0 0 2 3 5 9 14 19 22 25 25 29 32 37 39 43 44 14 45 5 39
-------------------------------
50 30
3 5 -2 4 5 2 3 3 5 1 2 2 1 3 1 1 5 -8 -7 4 -17 -15 -12 -5 -11 5 -14 2 4 -13
0 3 3 7 12 14 17 20 25 26 28 30 31 34 35 36 41 14 7 45
0 3 3 7 12 14 17 20 25 26 28 30 31 34 35 36 41 14 7 36
-------------------------------
50 30
1 5 2 1 3 5 -1 1 3 -3 1 1 5 -11 4 -4 -12 2 2 3 -19 3 -13 -6 1 -20 5 1 4 1
0 1 6 8 9 12 17 18 21 22 23 28 32 34 36 39 42 21 43 44 34
0 1 6 8 9 12 17 18 21 22 23 28 32 34 36 39 42 21 43 44 12
-------------------------------
50 30
5 2 5 1 3 -1 3 -5 5 4 3 -7 2 5 -9 4 1 -14 5 -17 -10 5 -3 2 -11 4 5 -24 4 2
0 5 7 12 13 16 19 24 28 31 33 38 13 14 19 42 24 44 0 33
0 5 7 12 13 16 19 24 28 31 33 38 13 14 19 42 24 44 0 7
-------------------------------
50 30
2 5 -1 2 3 1 3 -2 3 -7 2 1 3 2 2 5 2 -13 -11 -5 5 -14 4 3 4 5 3 3 -16 4
0 2 7 9 12 13 16 19 21 22 25 27 29 34 36 41 0 22 45 3 13 29
0 2 7 9 12 13 16 19 21 22 25 27 29 34 36 41 0 22 45 3 9 29
-------------------------------
50 30
2 1 1 -2 2 4 3 2 -1 -5 4 3 -11 1 5 1 1 4 -6 -14 5 -17 1 -21 -16 3 2 4 4 2
0 2 3 4 6 10 13 15 19 22 23 28 29 30 34 39 40 43 4 45 15
0 2 3 4 6 10 13 15 19 22 23 28 29 30 34 39 40 43 4 34 45
-------------------------------
50 30
4 4 3 5 1 -1 1 1 1 3 1 1 -5 1 5 -11 1 1 -15 -8 2 -2 -12 1 5 1 1 3 3 3
0 4 8 11 16 17 18 19 20 23 24 25 26 31 32 33 35 36 41 0 42 1 45
0 4 8 11 16 17 18 19 20 23 24 25 26 31 32 33 35 36 41 0 42 1 26
-------------------------------
50 30
1 -1 3 2 5 -3 3 3 1 1 5 3 1 -5 2 3 -12 -15 2 3 -9 3 2 -11 2 2 -10 3 1 1
0 0 3 5 10 13 16 17 18 23 26 27 29 32 34 37 40 18 42 20 44 45
0 0 3 5 10 13 16 17 18 23 26 27 29 32 34 37 40 18 42 20 44 5
-------------------------------
-------------------------------
20 30
2 -1 1 1 -3 -4 2 1 -8 1 2 1 1 1 2 1 2 -10 1 -17 -15 1 -12 1 -22 1 -24 1 2 1
0 0 1 0 2 2 3 5 6 7 8 10 11 13 14 15 16 17 8 14
0 0 1 0 2 2 3 5 6 7 8 10 11 13 14 15 16 17 8 11
-------------------------------
20 30
2 2 2 1 1 -1 1 1 1 -3 2 2 -12 -7 -9 -4 1 -17 1 1 -19 2 -20 2 2 1 -11 1 -25 -24
0 2 4 6 7 8 9 10 11 13 13 13 14 15 4 17 13 10
0 2 4 6 7 8 9 10 11 13 13 13 14 15 4 17 0 10
-------------------------------
20 30
1 1 2 2 -3 2 2 1 -8 -6 1 2 2 1 -12 1 -13 -1 1 2 2 -19 -16 -21 -11 1 1 1 -26 1
0 1 2 4 6 8 10 10 11 13 15 16 11 12 17 16 17 2 10
0 1 2 4 6 8 10 10 11 13 15 16 11 12 17 16 17 2 6
-------------------------------
20 30
2 1 2 1 2 1 2 -3 2 -7 2 1 -1 -11 1 2 -5 -12 -15 1 1 2 -20 1 2 2 1 1 2 -4
0 2 3 5 6 8 9 11 13 15 16 17 13 14 0 3 9 6 15 4 -2
0 2 3 5 6 8 9 11 13 15 16 17 13 14 0 3 6 9 15 4 -2
-------------------------------
20 30
2 -1 2 -3 1 1 2 2 1 -7 2 -9 1 1 2 1 -5 2 -13 -15 2 -18 -11 2 2 1 1 1 2 -25
0 0 0 1 2 4 6 7 9 10 11 13 14 16 6 2 8 11 14 -2
0 0 0 1 2 4 6 7 9 10 11 13 14 16 6 2 8 11 14 18


20 25
1 1 2 2 1 -3 2 -5 1 1 2 1 -1 2 -9 -11 2 -14 -7 2 2 1 1 1 2